545 571 571 584 570 577 586 582 573 567 579 582 580 585 580 575 578 578 578 584 566 580 571 577 582 579 598 563 575 559 555 570
992 1024 1024 1024 1024 1024 1024 1024 1024 1024 1024 1024 1024 1024 1024 1024 1024 1024 1024 1024 1024 1024 1024 1024 1024 1024 1024 1024 1024 1024 1024 1024
550 571 568 584 576 578 566 564 571 581 570 573 590 576 577 582 582 571 581 571 572 577 573 583 590 586 571 586 579 587 572 580
120 116 133 110 120 122 121 129 136 118 118 131 133 133 141 115 139 133 138 149 118 131 126 134 128 116 140 129 121 130 132 144
547 597 576 574 585 578 589 572 580 575 579 574 570 574 580 573 568 578 582 583 564 584 588 583 568 566 568 572 599 573 588 576
992 1024 1024 1024 1024 1024 1024 1024 1024 1024 1024 1024 1024 1024 1024 1024 1024 1024 1024 1024 1024 1024 1024 1024 1024 1024 1024 1024 1024 1024 1024 1024
120 111 112 119 125 116 115 161 132 140 125 138 135 133 117 144 133 133 131 137 143 119 119 128 131 131 121 120 128 135 133 119
555 576 565 569 576 562 575 574 566 574 582 564 589 570 569 574 583 565 568 567 577 566 574 569 568 569 592 573 581 578 571 585
568 572 562 579 587 573 575 572 576 565 579 591 572 569 580 578 576 569 573 565 579 581 584 580 579 579 554 574 558 584 566 575
992 1024 1024 1024 1024 1024 1024 1024 1024 1024 1024 1024 1024 1024 1024 1024 1024 1024 1024 1024 1024 1024 1024 1024 1024 1024 1024 1024 1024 1024 1024 1024
130 102 134 135 117 125 123 117 134 125 132 127 133 111 149 139 140 128 110 126 139 134 128 133 139 104 109 127 106 143 135 118
120 137 114 134 140 118 111 118 125 114 109 125 137 135 130 111 157 121 117 131 125 112 144 146 148 121 134 123 119 150 143 129
557 586 577 571 574 567 567 571 568 576 575 593 573 583 583 579 570 576 580 578 582 565 585 573 577 576 582 582 578 579 577 581
556 571 589 579 580 580 596 569 580 581 583 576 590 577 576 557 567 570 578 583 586 575 568 589 578 582 571 573 578 584 579 590
552 590 582 574 575 576 564 576 568 608 580 586 576 566 570 571 580 571 572 579 581 571 568 571 576 572 578 579 570 576 568 579
115 131 144 137 116 145 123 145 138 144 139 124 128 135 126 121 130 111 137 140 129 129 138 130 128 123 122 117 132 135 142 125
557 572 584 586 569 577 590 571 588 571 574 561 575 565 574 575 576 568 581 579 575 568 578 572 584 588 584 570 582 581 584 593
992 1024 1024 1024 1024 1024 1024 1024 1024 1024 1024 1024 1024 1024 1024 1024 1024 1024 1024 1024 1024 1024 1024 1024 1024 1024 1024 1024 1024 1024 1024 1024
559 561 566 573 574 590 567 591 564 575 573 568 559 560 578 580 579 572 573 559 575 586 583 581 598 591 576 561 579 579 577 575
134 137 128 132 112 133 127 120 123 140 121 119 125 125 123 122 111 125 121 116 113 140 138 116 135 114 144 121 148 114 139 109
566 573 572 566 585 588 579 580 583 581 578 570 578 586 560 586 577 572 583 578 579 571 585 561 574 571 565 578 578 574 572 569
558 580 575 578 561 577 578 594 578 576 576 588 579 562 576 583 577 559 577 582 584 574 580 573 570 583 583 577 581 577 574 578
553 571 590 578 581 585 577 573 568 570 584 564 573 566 570 573 578 579 582 563 562 577 574 574 569 585 571 581 566 571 584 584
563 566 572 582 590 580 583 578 576 570 577 571 583 578 567 570 576 582 572 580 581 566 580 573 579 570 573 572 574 574 568 581
565 564 579 590 573 580 572 574 583 578 578 578 577 563 574 591 564 564 581 580 578 576 580 574 568 584 571 573 570 574 577 558
992 1024 1024 1024 1024 1024 1024 1024 1024 1024 1024 1024 1024 1024 1024 1024 1024 1024 1024 1024 1024 1024 1024 1024 1024 1024 1024 1024 1024 1024 1024 1024
135 133 122 122 127 134 133 136 135 133 127 128 124 103 134 140 122 132 128 131 125 129 142 127 112 132 132 133 131 124 110 136
131 105 131 123 145 119 122 117 112 132 125 109 112 118 133 127 108 119 131 120 127 149 116 134 124 123 136 122 123 125 131 125
551 588 578 591 580 581 585 581 576 568 583 582 578 572 579 567 580 583 567 575 584 581 576 566 577 560 571 572 577 571 568 572
992 1024 1024 1024 1024 1024 1024 1024 1024 1024 1024 1024 1024 1024 1024 1024 1024 1024 1024 1024 1024 1024 1024 1024 1024 1024 1024 1024 1024 1024 1024 1024
561 585 573 578 575 577 566 584 582 580 575 572 583 574 577 582 571 575 573 584 566 585 568 566 568 583 582 577 584 576 575 568
563 576 594 570 597 583 579 581 586 579 560 573 574 568 574 571 583 569 597 572 585 573 592 572 574 578 578 584 564 561 577 580